1002
1004
1008
1009
1010
1011
1012
1013
1014
1015
1016
1017
1018
1019
1020
1021
1022
1023
1024
1025
1026
1027
1028
1030
1031
1032
1033
1035
1037
1038
1041
1042
1043
1044
1045
1046
1047
1048
1049
1050
1051
1052
1053
1054
1055
1057
1058
1060
1061
1062
1063
1064
1065
1066
1067
1068
1069
1070
1071
1072
1074
1075
1078
1079
1080
1081
1082
1084
1085
1086
1087
1088
1089
1090
1091
1092
1093
1094
1095
1096
1098
1100
1101
1102
1104
1105
1106
1110
1111
1113
1114
1115
1116
1118
1119
1121
1122
1124
1126
1129
1130
1131
1133
1134
1137
1138
1139
1140
1141
1142
1147
1151
1152
1154
1158
1162
1163
1167
1169
1171
1172
1173
1176
1177
1186
1187
1191
1193
1196
1197
1200
1202
1204
1205
1206
1207
1208
1209
1214
1215
1216
1224
1230
1232
1238
1239
1241
1244
1250
1281
1282
1290
1300
1301
1302
1303
1304
1305
9001
9005
9006
9007
9008
9009
9011
9012
9014
9016
9021
9023
9024
9025
9026
9027
9029
9031
9035
9040
9044
9054
9055
9058
9060
9061
9064
9071
9072
9073
9075
9076
9078
9082
9083
9084
9086
9087
9088
9089
9090